233168

4613732

6857

906609

232792560

25164150

104743

23514624000

31875000

142913828922

70600674

76576500

5537376230

837799

137846528820

1366

21124

1074

171

648

31626

871198282

4179871

2783915460

4782

983

-59231

669171001

9183

443839

73682

45228

100

40730

55

872187

748317

932718654

840

210

7652413

162

16695334890

5482660

1533776805

5777

134043

9110846700

296962999629

997651

121313

142857

4075

376

249

972

153

26241

107359

26033

28684

127035954683

49

1322

272

661

7273

6531031914842725

510510

8319823

428570

303963552391

7295372

402

161667

190569291

71

55374

73162890

40886

427337

260324

425185

101524

2772

1818

1097343

7587457

743

1217

14234

8581146

1258

518408346

14316

24702

8739992577

18769

709

756872327473

37076114526

228

118128146378569

329468

73702

21384

259679

180180

7350

9350130049860600

612407567715

1587000

51161058134250

16475640049

168

20492570929

100808458960497

44680

248155780267521

333082500

2269

1582

21035

21417

2906969179

18522

18407904

14516824220

100003

149253

173

843296

453647705

18613426663617118

4989

5777

1120149658760

843296

1000014008

567383535299

878454337159

1389019170

30758397

354

608720

676333270

846910284

2129970655314432

52852124

-271248680

0.464399

401361175

12253415

479742450

973

21295121502550

53490

409511334375

14489159

965916151

20574308184277971

3D58725572C62302

212905744

378158756814587

2868868

78536156288

3916160068885

59206

178653872807

9857164023

142989277

227485267000992000

1572729

209566

486604150

968577696

129325

498104525

986262

285196286

15964587728784

399788195976

48861552

265026

4640261571849533

2325629

17427258

95962097

1134888

371048281

1918080160

57060635927998347

228775073

61190912

7492455

322303240

1.710637717

76039926347763

0.11316017

229161792008

115039000

1209002624

34029210557338

2944730

0.5731441

1389019170

440331679

331951449665644800

15964587728784

1598174770174689458

1922364685

806332940

259679

1677366278943

806844323190414

5437849

6273134

1518

9958218

-385643

1884161251122450

43917868

61617364224

4137330

2009

0.11316017

78.3890461

86226

15954925

8504811525931190276

7526965179680

0.83648556

271204031455541309

1259187438574927161

1.001131988

123/59

15836928

992254510453566361

134.7528898

1518

482316491800641154

997104142249036713

892371480

96356848

288084712410001

810834388

782252

23507044290

9275262564250418

1425480602091519

18946051

121858040

2209.604560

8184523820510

4.4474011180

85765680

139012411

12747994

20101196798

167542057

142989277

253430

40629

478296313558464

209110240768

1096883702440585

0.999992836187

785478606870985

1311109198529286

82282080

271204031455541309

8495585919506151122

2032447591196869022

160583672

486487135

5777137137739632912

1125977393124310

122821574727390845

416577688

430.088247

178653872807

1098988351

28038042525570324

878825614395267

1.001131988

52.6494571953

313135496

18018206

656011665

20444710234716473

4037526

3600060866

2209

876826758739

344457

1137208419

141630459461893728

1.753663

549936643

806216773297565

2178309

1170060

1111981904675169

283988410192

18174995535140

852938

0.9999928361

1539669807660924

87052714

2586528661783

2466018557

324681947

2057774861813004

13236003480.66049700

13625242

542934735751917735

2586528661783

709313889

268457129

278157919195482643

2470433131948040

999998760323313995

6.3551758451

96972774

552506775824935461

1966666166408794329

34315549139516

5654947027200

199740353/199900462

15955822

467178235146843549

2.920769

305637582

150320021

5032316

DFAFCB_EHGJI

85068035

15614292

19823

291504964

56098610614277014

5943040885644

269533451410884183

65579304332

13938

336108797689259276

11109800204052

117716356529734048

115384615384614952

84664213

11762187201804552

3785638969.73010390

1.614439

5777137137739632912

51267715

28010159

173944732

3284144505

444527698

59161017

178653872807

457895958010

1.8050942748

44855254

162619462356610313

883512821

48271207

0.9956458829

862400558448

41791929448408

40.66368097

301450082318807027

727227472448759206

334420941

7435327983715286168

0.778800783

732385136379733

6352544716025346

132314136838185

355361880273694

139602943319822

697003956

22173624649806

3354706415856332783

3776957309612155455

528755790

696067597313468

718730325

8495585919506151122

291913246

143542612

3.2370340090

237763264

3.2370340090

45.0

2586528661783

141630459461893728

201010190550843

1508395636674243

520429231426518062

281632621

356019862

18224771

1199215615085

237698409

36813.5914810

39782849136421

299742733

253223948

799999999892

9936352

328607183

604919160

552506775824935461

55859742

898082747

446572970925740

1177163565297340

998567458

145159332

2304215802083466198

92060460

653972286

170012146

46479497324

710486997103401

971388307

747215561862

98792821

500007524

23.386029054

754862080

747215561862

876450501

322303240

743757

74204709657207

743

968697378

10650066934493

500094731

129325

2744233049300770

96356848

911150204

219493139

530553372

106467648

731872096

583333163581

153651073760956

345558983

345861331

543504

11762187201804552

216467167

667731

7435327983715286168

399639502

148166944

242586962923928

1240037

808981553

198775297232878

585965659

2586528661783

883512821

852950321

841294076842177

85068035

4.400000000e13

1096883702440585

176527611

82316729

339716914

876782911

25061516434346056

964356191

179195759

299742733

179195759

626597288

795597019

747215561862

420743

90600000

37545438

50818468

3035867

333333196

4669740822

356019862

5.744597485

19450598866011

196751392

20444710234716473

618688019

516872

144666402

35407281

197912312715

302932386

376782525104074484

694687

714591308

2156568732073

316558047982932932

8912517754604

8002325572

342000732118888634

935247012

50669794923735000

16475640049

37318865549

815684478

939087315356536055

774144272

100315739184392

804739330

834263620

451543235115620310

824902088

611778418716146601

371254922

726761872853

787793758

489527967

779429131

787892790

208287610

451543235115620310

268457129896

537243297

536364602

18925438

928075292

4287112047711

873005514

682619376913

705422452

736031426

847054020

528577940

667805257

398591879

289156934199898

485439636

701725473

476001479068717

35407281

382268318

384615384

694687

773814304

549944122

902283498

586398962

23624465

41686666631609120452

248456073

236360056

197912312715

109900163

876508687

453267081

113431353

104855486

57728136

91957806

960602377

538404612

3807504276996832

904140

3635.07615505

677747559

939697

825196846

842085839

964043444

701612818

795630930

39716706

122385

368256

2252639041804719

242524876

146958488

689174161

556272958

905749013

616318177

519026

906022003

2010401

3261348045750465

872200944

687449295

947406851

199966311

872187

371254922

883512821

20101196798

18925438

76.35171772

8372480355734

10.72868418

788626044105

1216181349

229602942

2466018558

337864366

41.29091249

914926199

413653408

5191742150898208

22904833042

394776161

31054319

2361336

685490412

3019832444300

183717311

968697378

976946357800000

598259337415826

276641448888

284934266

481603882

311921272

543962514

220716532353638940

1333332833323

705422452

584528824033

2944730

81399421

610298430

982221588

65646869

479742450

386525339

932718654

864486799

576779531

7985670

2744233049300770

3409215

43917868

873005514

154457888

808981553

333333196

288910913

208540218

680464126

3471150

498922246

289156934199898

979583387

520482864

795227766

497772103

1173

227485267000992000

1.170016580e-6

2.857619105

26241

30

746394986

952796853

152139006803572

661431425

370280964

71200003

880631330

138076932

330681310

688290293

180955419

838019946

18613426663617118

681885209

990452795

950863963

193060223

4.433601

431732848

3.601537998

443409622

693221390

99680884

824643194

869043508

0.3416004357

611591936

1543615277259587

565405404

0.00

1517926517777556

7.64614621

849999989

177144311

2391903286635

148095232

129648658

270016253

97113960

394360014

320937581

731593178

404079598343201

351964878

456219105224033105

430562123

988971143

2819236

457023650

599221937

23425602

459543883

39601076191

903972066

726155709

287151753936

419286244

1432209315

853837042

232900654868527

981723

654789901

5205561799

296819488

212727118

964015249

165527968

48214643

588758621369

505537964

767577277

85979640

1786189

106087037

0.2857499982

261547116

563827705

956112371

40470712

401211

2630

595855428

768399761

27163481

553344845

203900016

671918749

105711007

270861727

945672191

578905882

100508153

125923036

780166455

248876211

0.0001332437

1248983821

675268943

508412354

124628114

357810987

8299537

479394110

672348526

107809621

273505684

560789591

2.425650500e7

511105344

536923272

643526388

244074947

1150

1.000000000000

190995

697317

0.4735864250

328080882

888888944

613158061

499999971

17166039

118565896

201765865

574266154

38274743

782915168

399291975

116208019

324918258

158369465

701331986

496905566

512437138

178022261

157664049

372938642

0.3632224890

5348990049

350371874

580709330

120014660

42950116

565656565

123678922

994102481

321608728

809411073

305602003

422321560

437024787

833803626

535690527

849004334

107231413

948309786

922709742

457209899

403537849

1745072

804330845

428933948

295166610

298242526

545155327

743758252

985600050

825158040

737693943

912365655

666945301

12.3632524605

857900263

114084447

102444864

441359476

117492086

613234840

83197219

195715715

826169433

652560866

232227148

238685054

561106932

350932387

154799857

647586087

184149680

817507415

705271540

323674662

465698978

65202531

62672878

556561802

871460122

355062798

735051945

723007945

786360429

137524866

107469952

910448346

203583292

377974560

370991465

778303290

771802785

192865664

43885650

19467599

32425936

314870034

365303651

569952945

992619022

30227702

902253161

6132304

84408608

168

33712198

730036209

576027358

377069148

853913801

982334203

734395640

600213525

494510370

0.792953506

799575047

405995531

177109014

896242278

112964905

345370947

77659674

664445428

584725128

668092748

356701578

122344298

698417846

784744901

583222017

530169960

592462932

112204202

193322349

116898882

233123102

876543207

726255106

842067959

697555559

847248444

679782662

554378623

950829104

631206832

922935084

282155612

401593218

10018924

109550831

751967590

375135148

269550200

671177286

254219208

444505520

964156359

884195212

478776446

803225296

380555660

624072601

17660273

208662177

359169000

720325458

492242389

809803097