233168

4613732

6857

906609

232792560

25164150

104743

23514624000

31875000

142913828922

70600674

76576500

5537376230

837799

137846528820

1366

21124

1074

171

648

31626

871198282

4179871

2783915460

4782

983

-59231

669171001

9183

443839

73682

45228

100

40730

55

872187

748317

932718654

840

210

7652413

162

16695334890

5482660

1533776805

5777

134043

9110846700

296962999629

997651

121313

142857

4075

376

249

972

153

26241

107359

26033

28684

127035954683

49

1322

272

661

7273

6531031914842725

510510

8319823

428570

303963552391

7295372

402

161667

190569291

71

55374

73162890

40886

427337

260324

425185

101524

2772

1818

1097343

7587457

743

1217

14234

8581146

1258

518408346

14316

24702

8739992577

18769

709

756872327473

37076114526

228

20313839404245

329468

73702

21384

259679

180180

38182

9350130049860600

45228

1587000

51161058134250

16475640049

168

20492570929

100808458960497

44680

248155780267521

333082500

2269

1582

21035

21417

2906969179

18522

18407904

14516824220

1000023

149253

4

843296

453647705

18613426663617118

4989

878454337159

1120149658760

8430440

10057761

5673835352990

878454337159

354

30758397

354

608720

1389019170

846910284

2129970655314432

52852124

-271248680

0.464399

402616675

17971254122360635

479742450

256587334178

21295121502550

53490

409511334375

14489159

986262

20574308184277971

3E8A0645B6

212905450

378158756814587

2868868

7130034

3916160068885

7587457

178653872807

9857164023

142989277

75085391

1572729

209566

1986,100,10,10,10,24,10,10,10,40,10,44,10,82,10

96818198400000

7448717393364181966

94035190

986262

2470433131948040

837358486793606623

399788195976

5994891680

965358

139776,604464,139776,604464,139776,604464,139776,604464,139776,604464

409511334375

17427258

95962097

64564276420430825

371048281

524952

57060635927998347

2287750730871717

61190912

749486

8739992577

1.710637717

1953063062

0.66852407

229161792008

37076114526

12019357617

34029210557338

2944730

0.5731441

1389019170

73162890

331951449665644800

101524

1598174770174689458

1922364685

328968937309

330.721154

1677366278943

806844323190414

5437849

6273134

95962097

371048281

139776,604464,139776,604464,139776,604464,139776,604464,139776,604464

6270135660485255

1590933

61617364224

4137330

2009

0.11316017

783089

86226

871198282

850481152593119295

7526965179680

303963552391

271204031455541309

1259187438574927161

1.0023221086

1234/1175

15836928

992254510378523376

0.001887854841

88351299

482316491800641154

997104142249036713

892371480

96356848

288084712410001

810834388

782252

23507044290

99693951009892392456

1425480602091519

18946051

121045884

104924.0

8184523820510

16.6561050451

85765680

125143593

12747994

20101196798

167542057

14234

253430355036638394

203950053

9194179590.295

209110240768

1096883702440585

0.999992836187

785478606870985

1311109198529286

82282080

271204031455541309

583333163984220940

2032447591196869022

160583688396840

2776940

5777137137739632912

11109800204052

1228215747273908452

416577688

430.088247

2002091310070100

1098988351

28038042525570324

732385277

157055.80989

388558774999

313135496

605857431263981935

6561945481

20444710234716473

4037526

3600060866

2209

789453601

124419

1137208416

1.2129776020

1.2129776020

16475640049

806377680

2178309

142523282

1111981904675169

979986689

181749995302569067

852938

0.7889236024

153

8061126240

2586528661783

52740834908

709313889

7526965179680

136602948.17984588

13625242

542934735751917735

2586528661783

709313889

268457129

278157676

2470433131948040

902338463

6.3551758451

969727142

552506775824935461

1966666166408794329

34315549139516

260324

199740353/29386561536000

15955822

467178235146843549

271197444

305252800

150320021

6794256

527683700

85068035

1539669807660924

19823

291504964993151

56098610614277014

5943040885644

2695334514108841830

65579304332

13938

199104

1111981904675169

1209002624

115384615384845942

400000000000011399

11762187201804552

4000963666

231808815295

376,33440

63.8786543312

173214653

1739023853137

328968937309

495852191

878825614395267072

178653872807

457895958010

1.1117431998

5482660

162619462356610313

88351299

482316491800641154

789172646

1228215747273908452

4179192944848

1051425818

301450082318807027

578606132

132360040

15032008

7652413

732385277

9737166337789

335206413

9350130049860600

139776,604464,139776,604464,139776,604464,139776,604464,139776,604464

29

1325975

7109983

8

**528`

328968937309

23507044290

69.7382748505

5889350147728777085

6.6301101094

3.3469640797

173214653

3.2370342194

11.6084322825

564763

872187

1228920.0904

1586528661783

207366437463333239

103942266

897232831

1828

4850

201852258

36813.12757207

39782849136421

7999999999325435

253223948

799999783760500

9936352

38788800

806106780

922058210

55859742

898082747

446572970925740

1177163565297340320

998567458

11762187201804552

37076114526

92060460

653972286

653972286

46479497324

31591886008

971388240

747215561862

98792821

6.3551758451

23.38602987

754862080

747215561862

5994891680

715674676

55859742

5482660

3880314318

968697378

890473010

1275000

4477453302120727

2744233049300770

1209002624

659104042

907803852

1922364685

106467648

220196142

583333163984220940

153651073760956

345558983

678882888

543783293

54672965

333333208685971546

106500959

318608048

798227758

2466018557

378158756814587

978144921835982051

11408450513

54672965

98792821

83025095821244724

775181359

715674676

441844428

14766875.377

8.488337119e10

1743067

499551788337320312

54363087

2194931395

690257769

3047986527

703604254

703604254

26261589744

72996174855696

25058600

614963880

747009680

51281274340

15614292

811826524

34614528080031

638042271

8581146

229194312

60049406

6.818741802

4416145862226530

29146136

204247353376914430

749486087

20574308184277971

0.9999928362

35407281

2944730

841913936

872187.1743

694687

2367541382

472882027401

141841073801995

169318231874637808

1517926517777556

479742450

126968262905

774144104

806844323190414

4543898242508696

617086999619273932

981190766

316558048

100315739184392

5049337.99999874

245263165

253223948

735969683

817154598

15984770844

634929647

832298384

738161760

734745312

847893961

971388240

230800400

74204709665.83

514167744

39996800

587681811

593565393

803862875

671529555

76228774

540235280

23975177

367975831

301984045568

882438381

968697378

2233445868

1561967606.0824

2220829174903204576

6522806

230800400

1559036784

1125977393124310

715896538

10410894

476001979

646# (see note)

646503040

850

0.6340758292

118031827

110242000000002

950

100

244008777172072

510534941

442530611

0.2448409686

636249323

181396

117901437

745341^ (see note)

481052580400

16850832

2343869

0.179747303910

274250

252903240

108

155500088

321654849

395208253440

1125977393124310

26949676029986

956208384

6.64429

3089

15

184

899375962

546837665040

17

144051041

2.6640728807

94121868428444

4.0145937260

594838415

208988362069277

334861477

863253975

438682285

443839

92060460

872187

2956690357792826

871198282

5796376177456

13.0468033961

410933101

25418407

652870113

1143311

6499236958288

3616725132568

4972258346492

229161792008

786858

5764841

617141873

310431820

11992156150892996

977041410

2163966967

974267

101524

227140786420800

109988935200

8199451

6727307

9936352

1288080

3684005401

972184586

1627927534301327

18613426663617118

115384615384845942

5860911979743986

6611593577583457

530207575

9607153919642178

595914831

938143016409511334

80591441

466404143

7.41619854

3765681463022525

174653

230800400

27000528902483635

572865555

72837812609852

781160281

72996174855696

4891347063384825

530207575

6704309307498579

615547432480

106500959

47721918

125595432

3525235250

10410894

942}{61

682751802

1339892332715320

165144555576000

1944687528584516

1.1046333981

265745143

7652413

53275818

75309980

614889782588491410

360444386

212316780

49289872

229194312

444099414872

102083

247702071

124407783617307791

41832469

9944834665

4.25862075

88349987677

82285000

0.6269430056

7089243311

3984710228

557817512026

175944986

**537421338}

72078673

401105862374

3.391815

0.2636722222

151653373

82285199

117502065

440091117

720425418

8.65987813

761087490492134944

213003514209990

1026078786820400896

285230545

490198207

609281361

174756444085068800

177144886403

8.59680615e+18

599634988

5728762

429239425

286453674

733339412

795974634

304454216

996157987

977939856

548978049

300047583

363382351

712447876

790994124

859964043

630483828

610298876

961042427

411323264

878123849

37686039

784416379

505943487

668555985

561232456

946688505

627941749

26096791606719762

986559389

843982521

717971539

117664857

534990013

859226416

882201167

204423900

870988519

562965151

616777661

811900135

337897480

687927283

407505109

336710184

29590396290027372

987760880

798813629

88181345

129972861

829969823

968328953

188842865

841456098

768956560

923636119

236815488

828635704

939232887

831849674

534342117

906100929

398428771

162468387

943076527

616228793

190346759

564878116

923323546

534452929

494139147

671250708

706693993

53708775

423764251

147639882

886564343

919718115

572086808

642572109

341153768

109854287

381598264

765130966

911854865

917666377

309099099

266390829

543584236

982769665

953676646

790384019

681851406

958415450

508816003

236

36114609

0.4104177690

507808541

144626488

923175016

796438322

893718325

999999725

727186116

866444015

34087414

572312507

136875204

391957622

586788006

532171093

429296917

862059236

581133829

175155222

0.3333333333

776580340

782822070

714151731

2860823

3924175

246277143

897157034

525059346

313378598

156357442

378070019

952114036

719977222

56777640

9.4416222431

521234621

223092870

188310684

489729456

23860901693444

770739066

3975

842032

656084258

47321282

334635488

996233431

283355824

713640767

105621034

766823168

348787184

272652874

245834894

664517968

322229743

817808561

978058635

218286098

339657305

25784

422300991

297166834

640188551

662691346

145292781

431441769

337847881

620593949

287880561

298940758

488713479

782835004

378741746

944979403

522

666907113

466785969

979911898

789238949

108878716

132726679

108999695

719650983

157248

601497761

2876480652

363079268

844603634

531365049

836927845

449683301

536861221

408905626

1.594985610

703336562

468421536

563310174889018

5276958

0.6065300499

446494492

559586561

298402360

188757835

222568587

169760296

251942543

213956

191872625

4219143

96888839

885591992

264930206

476994924

0

7468279

34164313

253051336

277333607

188955991

429551527

67389983

256389657

154116262

157586692

351376245

214552100

262482982

692922141

52397072

270806436

399382972

95750222

231517796

37291722

388031431

390789965

9630337

262128260

425958583

5817532

407212217

278699351

607167989

748403050

62889850

203845605

126757045